
casos		1048	382	1.5317	0.3940	3.0000	0	0.0000	2.5380

casos		1048	382	1.5317	0.3310	3.0000	0	0.0000	2.5200


casos		1048	382	1.5317	0.3830	3.0000	0	0.0000	2.7890

casos		-858993460	1048	1.5059	0.8850	3.0000	0	0.0000	5.7750

casos		-858993460	1048	22.5892	0.7870

casos		-858993460	1048	22.3172	0.7920	23.0000	0	0.0000	13.7600

casos		-858993460	1048	22.5892	0.8270
casos		1048	382	0.0000	0.1870	1.3500	5616992	0.1852	3600.5120

casos		1048	382	1.5317	0.3880	3.0000	0	0.0000	2.3220

casos		1048	382	22.9756	0.3240	45.0000	2365	0.0000	18.0110
