hbp1_15_1,0.0000,0.0000,16.7140,0.0000
hbp1_15_2,0.0000,0.0000,0.8578,0.0000
hbp1_15_3,0.0000,0.0000,10.1758,0.0000
hbp1_15_4,0.0000,0.0000,6.5798,0.0000
hbp1_15_5,1.1000,0.0000,4.0772,1.1000
hbp1_15_6,0.0000,0.0000,0.3521,0.0000
hbp1_15_7,0.0000,0.0000,3.8697,0.0000
hbp1_15_8,0.0000,0.0000,5.6324,0.0000
hbp1_15_9,0.0000,0.0000,13.6945,0.0000
hbp1_15_10,0.0000,0.0000,0.2216,0.0000
hbp1_30_1,0.0000,0.0000,2.3033,0.0000
hbp1_30_2,1.2000,0.0000,1.4764,1.2000
hbp1_30_3,0.0000,0.0000,56.0158,0.0000
hbp1_30_4,0.0000,0.0000,4.2668,0.0000
hbp1_30_5,0.0000,0.0000,1.3670,0.0000
hbp1_30_6,0.0000,0.0000,24.9855,0.0000
hbp1_30_7,0.0000,0.0000,0.8857,0.0000
hbp1_30_8,0.0000,0.0000,1.6024,0.0000
hbp1_30_9,0.0000,0.0000,0.4395,0.0000
hbp1_30_10,0.0000,0.0000,0.2542,0.0000
hbp2_15_1,0.0000,0.0000,25.2466,0.0000
hbp2_15_2,0.0000,0.0000,165.1071,0.0000
hbp2_15_3,0.0000,0.0000,7.4585,0.0000
hbp2_15_4,0.0000,0.0000,5.3127,0.0000
hbp2_15_5,0.0000,0.0000,24.6445,0.0000
hbp2_15_6,1.2000,0.0000,28.0662,1.2000
hbp2_15_7,0.0000,0.0000,9.0230,0.0000
hbp2_15_8,0.0000,0.0000,122.9009,0.0000
hbp2_15_9,0.0000,0.0000,7.3201,0.0000
hbp2_15_10,1.0500,0.0000,4.5000,1.0500
hbp2_30_1,0.0000,0.0000,27.4170,0.0000
hbp2_30_2,0.0000,0.0000,14.8336,0.0000
hbp2_30_3,0.0000,0.0000,16.7416,0.0000
hbp2_30_4,0.0000,0.0000,4.9273,0.0000
hbp2_30_5,0.0000,0.0000,174.4449,0.0000
hbp2_30_6,0.0000,0.0000,3.5072,0.0000
hbp2_30_7,0.0000,0.0000,12.2391,0.0000
hbp2_30_8,0.0000,0.0000,151.2892,0.0000
hbp2_30_9,0.7500,0.1913,1802.1857,0.6065
hbp2_30_10,0.0000,0.0000,30.5542,0.0000
hbp3_15_1,0.0000,0.0000,434.9040,0.0000
hbp3_15_2,0.0000,0.0000,101.3964,0.0000
hbp3_15_3,0.0000,0.0000,74.0749,0.0000
hbp3_15_4,5.5000,1.0000,1806.8230,0.0000
hbp3_15_5,0.0000,0.0000,6.8673,0.0000
hbp3_15_6,0.0000,0.0000,229.2746,0.0000
hbp3_15_7,0.0000,0.0000,25.9719,0.0000
hbp3_15_8,0.0000,0.0000,23.9872,0.0000
hbp3_15_9,0.0000,0.0000,31.8297,0.0000
hbp3_15_10,0.0000,0.0000,40.5065,0.0000
hbp3_30_1,0.0000,0.0000,68.7036,0.0000
hbp3_30_2,0.0000,0.0000,45.3184,0.0000
hbp3_30_3,0.0000,0.0000,35.1670,0.0000
hbp3_30_4,0.0000,0.0000,11.2497,0.0000
hbp3_30_5,0.0000,0.0000,46.2106,0.0000
hbp3_30_6,0.0000,0.0000,400.4975,0.0000
hbp3_30_7,0.0000,0.0000,492.6632,0.0000
hbp3_30_8,0.0000,0.0000,12.9355,0.0000
hbp3_30_9,0.0000,0.0000,68.4784,0.0000
hbp3_30_10,0.8500,0.0000,8.0932,0.8500
hbp4_15_1,0.0000,0.0000,738.1251,0.0000
hbp4_15_2,
hbp4_15_3,0.0000,0.0000,283.3555,0.0000
hbp4_15_4,0.0000,0.0000,696.1876,0.0000
hbp4_15_5,0.0000,0.0000,47.3557,0.0000
hbp4_15_6,0.0000,0.0000,16.5909,0.0000
hbp4_15_7,0.0000,0.0000,704.6931,0.0000
hbp4_15_8,0.0000,0.0000,72.0528,0.0000
hbp4_15_9,6.6000,0.0000,858.3921,6.6000
hbp4_15_10,0.0000,0.0000,516.4443,0.0000
hbp4_30_1,0.0000,0.0000,697.2025,0.0000
hbp4_30_2,0.0000,0.0000,1077.5462,0.0000
hbp4_30_3,0.0000,0.0000,79.7327,0.0000
hbp4_30_4,0.0000,0.0000,77.6525,0.0000
hbp4_30_5,5.9500,1.0000,1806.1176,0.0000
hbp4_30_6,0.0000,0.0000,684.8887,0.0000
hbp4_30_7,0.1500,1.0000,1801.1377,0.0000
hbp4_30_8,
hbp4_30_9,0.0000,0.0000,220.6419,0.0000
hbp4_30_10,0.0000,0.0000,42.4721,0.0000
hbp5_15_1,0.0000,0.0000,100.4638,0.0000
hbp5_15_2,0.0000,0.0000,141.8298,0.0000
hbp5_15_3,0.0000,0.0000,162.3709,0.0000
hbp5_15_4,0.0000,0.0000,118.8569,0.0000
hbp5_15_5,0.0000,0.0000,40.4154,0.0000
hbp5_15_6,4.8000,0.0000,361.4312,4.8000
hbp5_15_7,4.5000,0.0000,1247.4386,4.5000
hbp5_15_8,0.0000,0.0000,144.4680,0.0000
hbp5_15_9,0.0000,0.0000,541.8838,0.0000
hbp5_15_10,
hbp5_30_1,0.0000,0.0000,843.5679,0.0000
hbp5_30_2,0.0000,0.0000,788.0837,0.0000
hbp5_30_3,1.2000,0.0000,70.5915,1.2000
hbp5_30_4,0.0000,0.0000,162.6048,0.0000
hbp5_30_5,0.0000,0.0000,205.6247,0.0000
hbp5_30_6,
hbp5_30_7,
hbp5_30_8,0.0000,0.0000,184.1297,0.0000
hbp5_30_9,
hbp5_30_10,0.0000,0.0000,1231.9936,0.0000
hbp1_15_1,6.0000,0.0000,49.0714,6.0000
hbp1_15_2,2.0000,0.0000,1.1617,2.0000
hbp1_15_3,3.0000,0.0000,10.6185,3.0000
hbp1_15_4,4.0000,0.0000,8.0119,4.0000
hbp1_15_5,4.0000,0.0000,3.8292,4.0000
hbp1_15_6,2.0000,0.0000,0.9206,2.0000
hbp1_15_7,6.0000,0.0000,6.4196,6.0000
hbp1_15_8,4.0000,0.0000,8.6030,4.0000
hbp1_15_9,4.0000,0.0000,14.5832,4.0000
hbp1_15_10,1.0000,0.0000,0.3679,1.0000
hbp1_30_1,2.0000,0.0000,4.0291,2.0000
hbp1_30_2,3.0000,0.0000,1.0075,3.0000
hbp1_30_3,3.0000,0.0000,63.0638,3.0000
hbp1_30_4,3.0000,0.0000,4.1702,3.0000
hbp1_30_5,1.0000,0.0000,2.8264,1.0000
hbp1_30_6,3.0000,0.0000,35.1731,3.0000
hbp1_30_7,2.0000,0.0000,1.2270,2.0000
hbp1_30_8,1.0000,0.0000,3.0349,1.0000
hbp1_30_9,1.0000,0.0000,0.6686,1.0000
hbp1_30_10,1.0000,0.0000,0.3878,1.0000
hbp2_15_1,4.0000,0.0000,44.9070,4.0000
hbp2_15_2,12.0000,0.0000,792.5064,12.0000
hbp2_15_3,4.0000,0.0000,18.5296,4.0000
hbp2_15_4,4.0000,0.0000,53.1883,4.0000
hbp2_15_5,4.0000,0.0000,36.3869,4.0000
hbp2_15_6,5.0000,0.0000,79.5706,5.0000
hbp2_15_7,4.0000,0.0000,11.4681,4.0000
hbp2_15_8,7.0000,0.5714,1801.0940,3.0000
hbp2_15_9,4.0000,0.0000,16.2326,4.0000
hbp2_15_10,4.0000,0.0000,7.0304,4.0000
hbp2_30_1,4.0000,0.0000,291.5217,4.0000
hbp2_30_2,3.0000,0.0000,36.5813,3.0000
hbp2_30_3,3.0000,0.0000,47.1675,3.0000
hbp2_30_4,2.0000,0.0000,6.8345,2.0000
hbp2_30_5,5.0000,0.4000,1801.0735,3.0000
hbp2_30_6,1.0000,0.0000,6.5021,1.0000
hbp2_30_7,2.0000,0.0000,17.2685,2.0000
hbp2_30_8,6.0000,0.0000,264.9889,6.0000
hbp2_30_9,4.0000,0.0000,466.7599,4.0000
hbp2_30_10,4.0000,0.0000,421.4392,4.0000
hbp3_15_1,13.0000,0.7692,1802.2345,3.0000
hbp3_15_2,9.0000,0.6667,1801.2503,3.0000
hbp3_15_3,10.0000,0.3845,1801.1566,6.1553
hbp3_15_4,14.0000,0.7857,1806.7647,3.0000
hbp3_15_5,4.0000,0.0000,27.2773,4.0000
hbp3_15_6,10.0000,0.4627,1801.9787,5.3731
hbp3_15_7,4.0000,0.0000,87.9170,4.0000
hbp3_15_8,4.0000,0.0000,36.9377,4.0000
hbp3_15_9,5.0000,0.0000,92.8449,5.0000
hbp3_15_10,10.0000,0.3422,1801.6077,6.5775
hbp3_30_1,4.0000,0.0000,1168.6268,4.0000
hbp3_30_2,3.0000,0.0000,63.1987,3.0000
hbp3_30_3,3.0000,0.0000,41.0418,3.0000
hbp3_30_4,4.0000,0.0000,568.7718,4.0000
hbp3_30_5,3.0000,0.0000,611.5042,3.0000
hbp3_30_6,8.0000,0.5000,1801.9280,4.0000
hbp3_30_7,8.0000,0.6250,2050.4293,3.0000
hbp3_30_8,3.0000,0.0000,37.5841,3.0000
hbp3_30_9,4.0000,0.0000,736.4376,4.0000
hbp3_30_10,2.0000,0.0000,14.7754,2.0000
hbp4_15_1,18.0000,0.8333,1804.1030,3.0000
hbp4_15_2,
hbp4_15_3,18.0000,0.5761,1802.4611,7.6303
hbp4_15_4,
hbp4_15_5,10.0000,0.0000,317.9718,10.0000
hbp4_15_6,7.0000,0.0000,83.0606,7.0000
hbp4_15_7,20.0000,0.7605,1803.1623,4.7894
hbp4_15_8,10.0000,0.5876,1801.4705,4.1239
hbp4_15_9,21.0000,0.7365,1802.0221,5.5336
hbp4_15_10,20.0000,0.7260,1802.5386,5.4791
hbp4_30_1,8.0000,0.6250,1802.5377,3.0000
hbp4_30_2,8.0000,0.6250,1804.1404,3.0000
hbp4_30_3,6.0000,0.3282,1800.6853,4.0310
hbp4_30_4,6.0000,0.4992,1800.9447,3.0045
hbp4_30_5,9.0000,0.6282,1803.2034,3.3463
hbp4_30_6,8.0000,0.6250,1803.2917,3.0000
hbp4_30_7,11.0000,0.6569,1801.5521,3.7743
hbp4_30_8,
hbp4_30_9,7.0000,0.5714,1802.8346,3.0000
hbp4_30_10,5.0000,0.2000,1801.1671,4.0000
hbp5_15_1,13.0000,0.2461,1800.8581,9.8010
hbp5_15_2,20.0000,0.6851,1802.1288,6.2988
hbp5_15_3,
hbp5_15_4,10.0000,0.1213,1845.0477,8.7867
hbp5_15_5,6.0000,0.0000,177.2053,6.0000
hbp5_15_6,24.0000,0.6529,1802.5482,8.3296
hbp5_15_7,19.0000,0.8421,1806.5516,3.0000
hbp5_15_8,11.0000,0.4042,1801.8583,6.5540
hbp5_15_9,
hbp5_15_10,
hbp5_30_1,13.0000,0.7692,1804.8020,3.0000
hbp5_30_2,15.0000,1.0000,1804.4858,0.0000
hbp5_30_3,4.0000,0.0000,219.6247,4.0000
hbp5_30_4,5.0000,0.0000,640.6988,5.0000
hbp5_30_5,9.0000,0.6667,1802.2092,3.0000
hbp5_30_6,
hbp5_30_7,
hbp5_30_8,7.0000,0.4128,1802.1075,4.1101
hbp5_30_9,
hbp5_30_10,9.0000,0.6667,1808.1128,3.0000
hbp1_15_1,69.0000,0.0000,224.6399,69.0000
hbp1_15_2,30.0000,0.0000,1310.3774,30.0000
hbp1_15_3,33.0000,0.0000,38.1664,33.0000
hbp1_15_4,46.0000,0.0291,1802.6477,44.6633
hbp1_15_5,54.0000,0.0000,3.7254,54.0000
hbp1_15_6,18.0000,0.0000,1.2634,18.0000
hbp1_15_7,54.0000,0.0000,22.6076,54.0000
hbp1_15_8,50.0000,0.0000,5.2386,50.0000
hbp1_15_9,32.0000,0.0000,19.2600,32.0000
hbp1_15_10,12.0000,0.0000,0.4873,12.0000
hbp1_30_1,52.0000,0.0000,63.8244,52.0000
hbp1_30_2,54.0000,0.0000,1.4019,54.0000
hbp1_30_3,78.0000,0.0000,43.7732,78.0000
hbp1_30_4,42.0000,0.0000,6.0501,42.0000
hbp1_30_5,24.0000,0.0000,1.9996,24.0000
hbp1_30_6,75.0000,0.0261,1802.2050,73.0425
hbp1_30_7,44.0000,0.0000,2.0824,44.0000
hbp1_30_8,20.0000,0.0000,3.6491,20.0000
hbp1_30_9,13.0000,0.0000,1.0873,13.0000
hbp1_30_10,19.0000,0.0000,0.3428,19.0000
hbp2_15_1,52.0000,0.0000,364.2347,52.0000
hbp2_15_2,144.0000,0.0207,1800.8667,141.0175
hbp2_15_3,46.0000,0.0000,15.7821,46.0000
hbp2_15_4,54.0000,0.0427,1801.7163,51.6933
hbp2_15_5,49.0000,0.0376,1801.1158,47.1573
hbp2_15_6,62.0000,0.0000,224.4416,62.0000
hbp2_15_7,50.0000,0.0000,79.7247,50.0000
hbp2_15_8,83.0000,0.5341,1801.2707,38.6689
hbp2_15_9,49.0000,0.0000,16.5042,49.0000
hbp2_15_10,52.0000,0.0000,96.7740,52.0000
hbp2_30_1,87.0000,0.2258,1800.9744,67.3594
hbp2_30_2,69.0000,0.4887,1800.7563,35.2821
hbp2_30_3,68.0000,0.0184,1801.1124,66.7497
hbp2_30_4,49.0000,0.0000,113.2972,49.0000
hbp2_30_5,89.0000,0.5705,1801.1348,38.2278
hbp2_30_6,27.0000,0.0000,7.4044,27.0000
hbp2_30_7,54.0000,0.0255,1802.2272,52.6217
hbp2_30_8,132.0000,0.0000,246.6543,132.0000
hbp2_30_9,91.0000,0.0339,1801.1050,87.9162
hbp2_30_10,91.0000,0.3493,1800.7989,59.2138
hbp3_15_1,145.0000,0.5034,1801.7334,72.0041
hbp3_15_2,109.0000,0.4784,1802.0451,56.8518
hbp3_15_3,135.0000,0.3165,1802.3840,92.2780
hbp3_15_4,192.0000,1.0000,1804.7912,0.0000
hbp3_15_5,55.0000,0.0305,1802.7158,53.3245
hbp3_15_6,120.0000,0.3284,1804.0783,80.5967
hbp3_15_7,55.0000,0.0205,1801.1749,53.8750
hbp3_15_8,59.0000,0.0432,1801.6693,56.4531
hbp3_15_9,74.0000,0.0313,1802.0506,71.6853
hbp3_15_10,133.0000,0.2757,1801.5575,96.3350
hbp3_30_1,116.0000,0.4856,1801.3049,59.6738
hbp3_30_2,79.0000,0.0307,1804.8893,76.5717
hbp3_30_3,64.0000,0.0215,1805.2171,62.6208
hbp3_30_4,92.0000,0.0405,1800.8126,88.2698
hbp3_30_5,88.0000,0.3543,1802.0392,56.8245
hbp3_30_6,151.0000,0.5083,1802.0060,74.2500
hbp3_30_7,132.0000,0.4485,1802.5606,72.7917
hbp3_30_8,73.0000,0.0471,1802.5369,69.5645
hbp3_30_9,104.0000,0.3017,1801.8674,72.6254
hbp3_30_10,49.0000,0.0439,1801.6957,46.8481
hbp4_15_1,201.0000,0.4761,1803.2343,105.3049
hbp4_15_2,
hbp4_15_3,169.0000,0.3228,1803.3666,114.4550
hbp4_15_4,
hbp4_15_5,142.0000,0.0263,1803.4578,138.2630
hbp4_15_6,101.0000,0.0209,1800.7842,98.8880
hbp4_15_7,275.0000,0.7388,1801.9345,71.8415
hbp4_15_8,131.0000,0.5281,1801.4634,61.8149
hbp4_15_9,320.0000,0.7406,1802.7389,83.0043
hbp4_15_10,214.0000,0.6160,1802.2781,82.1859
hbp4_30_1,170.0000,0.5249,1802.3948,80.7611
hbp4_30_2,
hbp4_30_3,151.0000,0.2287,1801.8651,116.4591
hbp4_30_4,133.0000,0.3340,1804.6441,88.5726
hbp4_30_5,241.0000,1.0000,1804.8778,0.0000
hbp4_30_6,161.0000,1.0000,1804.1130,0.0000
hbp4_30_7,190.0000,0.4041,1807.3823,113.2280
hbp4_30_8,
hbp4_30_9,104.0000,0.3324,1802.2172,69.4292
hbp4_30_10,126.0000,0.3272,1802.4455,84.7760
hbp5_15_1,183.0000,0.1966,1802.9130,147.0145
hbp5_15_2,282.0000,0.6650,1801.9538,94.4818
hbp5_15_3,
hbp5_15_4,138.0000,0.0449,1811.7394,131.8000
hbp5_15_5,86.0000,0.0256,1802.0306,83.8008
hbp5_15_6,283.0000,0.5585,1802.3906,124.9447
hbp5_15_7,258.0000,1.0000,1805.7405,0.0000
hbp5_15_8,158.0000,0.3778,1801.2816,98.3094
hbp5_15_9,247.0000,0.2788,1802.6830,178.1398
hbp5_15_10,
hbp5_30_1,369.0000,1.0000,1805.0455,0.0000
hbp5_30_2,
hbp5_30_3,113.0000,0.0201,1804.5653,110.7234
hbp5_30_4,
hbp5_30_5,220.0000,0.5129,1801.3217,107.1511
hbp5_30_6,
hbp5_30_7,
hbp5_30_8,222.0000,0.4446,1802.5725,123.3025
hbp5_30_9,
hbp5_30_10,268.0000,0.4500,1822.7369,147.4133
